// E155 [2011]: Lab 7 - VGA - Digit ROM
//0 ASCII 48
011100
100010
100110
101010
110010
100010
011100
000000
//1 ASCII 49
001000
011000
001000
001000
001000
001000
011100
000000
//2 ASCII 50
011100
100010
000010
001100
010000
100000
111110
000000
//3 ASCII 51
011100
100010
000010
011100
000010
100010
011100
000000
//4 ASCII 52
000100
001100
010100
100100
111110
000100
000100
000000
//5 ASCII 53
111110
100000
111100
000010
000010
100010
011100
000000
//6 ASCII 54
001110
010000
100000
111100
100010
100010
011100
000000
//7 ASCII 55
111110
000010
000100
001000
010000
010000
010000
000000
//8 ASCII 56
011100
100010
100010
011100
100010
100010
011100
000000
//9 ASCII 57
011100
100010
100010
111110
000010
000100
111000
000000
