// E155 [2011]: Lab 7 - VGA - Character ROM
// A ASCII 65 [00]
011100
100010
100010
111110
100010
100010
000000
000000
//B ASCII 66 [01]
111100
100010
100010
111100
100010
100010
111100
000000
//C  ASCII 67 [02]
011100
100010
100000
100000
100000
100010
011100
000000
//D ASCII 68 [03]
111000
100100
100010
100010
100010
100100
111000
000000
//E ASCII 69 [04]
111110
100000
100000
111100
100000
100000
111110
000000
//F ASCII 70 [05]
111110
100000
100000
111100
100000
100000
100000
000000
//G ASCII 71 [06]
011100
100010
100000
101110
100010
100010
011100
000000
//H ASCII 72 [07]
100010
100010
100010
111110
100010
100010
100010
000000
//I ASCII 73 [08]
011100
001000
001000
001000
001000
001000
011100
000000
//J ASCII 74 [09]
001110
000100
000100
000100
000100
100100
011000
000000
//K ASCII 75 [0A]
100010
100100
101000
110000
101000
100100
100010
000000
//L ASCII 76 [0B]
100000
100000
100000
100000
100000
100000
111110
000000
//M ASCII 77 [0C]
100010
110110
101010
101010
100010
100010
100010
000000
//N ASCII 78 [0D]
100010
100010
110010
101010
100110
100010
100010
000000
//O ASCII 79 [0E]
011100
100010
100010
100010
100010
100010
011100
000000
//P ASCII 80 [0F]
111100
100010
100010
111100
100000
100000
100000
000000
//Q ASCII 81 [10]
011100
100010
100010
100010
101010
100100
011010
000000
//R ASCII 82 [11]
111100
100010
100010
111100
101000
100100
100010
000000
//S ASCII 83 [12]
011110
100000
100000
011100
000010
000010
111100
000000
//T ASCII 84 [13]
111110
001000
001000
001000
001000
001000
001000
000000
//U ASCII 85 [14]
100010
100010
100010
100010
100010
100010
011100
000000
//V ASCII 86 [15]
100010
100010
100010
100010
100010
010100
001000
000000
//W ASCII 87 [16]
100010
100010
101010
101010
101010
010100
010100
000000
//X ASCII 88 [17]
100010
100010
010100
001000
010100
100010
100010
000000
//Y ASCII 89 [18]
100010
100010
100010
010100
001000
001000
001000
000000
//Z ASCII 90 [19]
111110
000010
000100
001000
010000
100000
111110
000000
//(SPACE) ASCII 32 [1A]
000000
000000
000000
000000
000000
000000
000000
000000
//? ASCII 63 [1B]
011110
100001
000001
000110
000100
000000
000100
000000
//! ASCII 33 [1C]
000100
000100
000100
000100
000100
000000
000100
000000
